2
27
8
98
14
25
86
14
61
34
96
56
83
45
91
56
95
44
47
16
79
52
93
69
98
93
80
37
94
16
46
93
32
67
2
89
99
16
66
27
66
1
3
23
43
13
92
16
44
4
58
49
28
13
67
49
34
39
99
21
44
49
19
45
87
3
24
17
43
3
57
79
78
20
50
79
50
71
27
86
1
64
93
91
57
97
66
20
99
52
55
61
17
45
83
17
81
57
35
40
89
75
73
41
47
79
71
9
62
87
99
63
12
14
20
80
56
28
87
90
37
4
17
90
47
96
63
33
37
33
98
92
36
87
96
26
91
52
44
78
27
58
58
13
52
92
49
3
26
4
61
54
69
45
4
85
58
82
94
51
17
38
71
30
89
7
27
25
17
93
88
5
83
10
63
79
46
5
38
55
47
60
7
34
72
44
23
91
83
11
67
10
58
93
62
88
86
28
23
46
65
25
85
32
15
56
70
60
81
24
40
54
44
39
4
56
32
38
57
45
84
36
41
7
27
79
46
89
47
75
93
18
81
92
89
22
74
75
20
16
74
63
11
60
71
14
65
19
90
6
56
48
71
78
62
30
83
79
6
35
10
81
14
6
31
22
72
51
49
81
81
57
19
41
71
21
25
81
35
14
14
28
99
41
19
45
46
4
31
60
38
95
69
84
6
92
49
5
29
49
41
15
69
9
25
99
30
30
8
41
5
3
45
92
21
82
81
72
86
86
75
69
20
89
44
86
87
34
35
78
72
20
53
85
72
99
59
91
17
19
15
17
95
90
56
36
50
77
63
24
11
77
18
43
73
71
95
80
65
38
13
95
94
29
68
84
50
59
20
22
24
90
55
68
71
59
73
29
34
8
36
10
71
12
67
94
2
11
12
1
4
78
26
79
7
20
22
67
22
71
85
91
58
41
1
21
22
50
71
15
98
66
47
57
2
3
25
83
61
74
82
40
47
20
18
45
65
76
61
51
38
7
7
62
22
45
52
30
12
47
73
51
39
97
3
38
32
69
77
4
94
38
6
48
88
46
44
38
23
55
55
46
89
20
76
91
59
84
35
57
51
95
71
15
2
31
2
49
17
80
13
95
99
57
56
1
2
59
73
76
1
14
7
56
91
27
62
19
22
11
78
47
34
20
52
99
66
91
47
58
45
94
22
43
43
60
47
32
63
76
90
1
11
59
56
38
89
16
23
74
69
82
28
7
3
65
61
79
6
57
34
10
12
16
32
6
92
64
14
32
80
31
55
46
20
77
36
75
64
15
11
51
68
72
88
62
67
15
40
77
98
68
27
7
42
80
88
95
27
51
45
25
3
91
93
39
27
82
86
26
29
86
15
90
46
83
42
40
27
69
39
77
24
36
34
13
4
49
4
39
88
41
49
14
69
85
49
77
79
50
36
85
28
15
48
13
53
37
60
59
39
49
68
58
12
68
2
66
58
80
35
77
79
47
37
88
38
2
21
60
34
65
60
76
33
54
49
10
88
21
60
67
88
44
1
40
72
90
2
2
84
82
19
98
16
58
7
81
78
60
74
51
16
1
26
73
88
91
25
58
19
91
77
37
21
68
89
35
46
96
16
47
1
19
76
51
46
62
61
75
47
68
32
28
46
10
51
88
19
28
51
80
66
43
83
92
6
82
78
48
69
71
35
81
44
28
50
96
25
74
27
26
31
49
11
50
60
50
90
11
17
1
17
19
46
35
80
57
36
83
46
64
84
14
7
76
34
50
84
19
59
55
64
44
1
25
50
17
33
33
33
55
92
67
32
68
54
16
36
10
47
93
61
41
28
63
42
17
43
35
17
10
66
71
52
62
37
72
18
21
84
64
25
3
51
90
72
18
82
38
22
18
15
74
71
66
93
23
17
38
83
34
73
97
17
23
89
21
15
69
32
82
98
16
25
83
68
58
90
37
91
24
35
6
13
99
95
91
1
85
68
14
56
80
37
51
90
27
86
28
1
51
3
13
7
40
20
99
50
88
97
36
32
79
47
59
99
68
85
17
28
98
21
30
2
18
27
19
78
73
92
41
71
63
36
40
22
22
98
73
79
95
41
12
88
33
81
76
33
77
52
23
42
70
1
3
31
73
12
89
14
2
21
76
96
56
64
69
44
7
38
77
69
12
38
32
57
9
41
69
36
50
85
1
22
70
99
2
63
34
9
48
11
10
59
78
74
64
16
32
68
12
32
26
40
74
53
30
32
68
45
22
32
42
53
63
16
20
55
27
57
63
7
10
98
89
67
60
53
59