83
56
34
70
74
32
80
41
34
22
26
67
39
71
45
55
60
83
86
49
81
60
32
97
29
87
11
5
43
76
58
57
76
59
44
97
62
84
74
51
39
94
11
11
28
25
52
24
21
63
65
23
59
34
52
23
25
37
42
87
21
76
98
57
64
68
90
79
28
48
93
75
9
36
10
86
50
21
70
4
35
87
84
79
11
35
97
43
8
21
72
25
43
87
30
63
96
53
47
59
35
73
96
73
70
90
15
24
24
65
73
5
67
38
52
33
91
19
47
30
70
47
71
8
75
69
33
21
6
47
90
96
74
11
69
62
91
12
10
21
20
74
19
42
47
68
58
5
36
97
71
77
7
17
88
87
2
89
97
1
57
93
19
77
75
76
30
56
68
90
42
80
10
26
10
96
29
29
60
7
11
28
85
9
75
13
90
57
23
82
60
3
14
9
63
27
55
42
67
70
38
3
36
46
55
90
68
80
7
91
59
72
29
91
90
30
8
11
2
62
86
72
34
86
30
40
67
1
63
83
41
86
62
89
68
9
91
40
53
84
44
10
51
31
23
88
73
22
19
33
19
45
40
5
84
65
69
50
16
16
24
68
18
24
50
72
11
39
23
81
39
68
57
18
18
76
22
3
64
42
66
45
82
30
64
96
46
57
6
3
40
42
24
38
61
76
92
28
80
50
77
35
98
37
94
51
87
23
87
8
44
66
85
74
49
78
85
88
59
54
27
54
33
21
42
96
45
20
56
41
84
94
22
14
64
32
46
45
35
14
9
24
70
98
59
73
56
49
88
82
90
5
68
27
24
24
2
78
95
97
7
68
66
46
23
49
45
72
11
18
32
41
53
45
45
4
83
35
61
68
41
95
31
74
51
80
26
94
89
41
31
68
50
37
8
41
57
25
75
11
28
83
39
71
50
50
51
24
81
21
40
66
17
27
57
11
37
92
94
43
23
50
82
70
87
64
91
16
38
5
46
59
59
51
40
57
57
60
25
1
29
3
14
69
1
64
51
23
80
96
4
65
30
33
87
78
2
68
83
85
59
36
86
76
74
80
7
66
86
99
54
76
67
94
15
20
37
14
69
23
14
68
36
41
2
81
30
27
63
62
56
88
77
39
42
92
17
37
94
21
57
84
36
81
43
28
97
35
19
67
41
88
99
61
72
90
1
45
75
93
50
80
3
25
44
65
99
28
52
22
3
99
19
49
65
29
33
54
97
74
84
94
9
96
21
68
89
16
67
52
92
71
62
2
70
77
82
12
37
77
28
69
83
97
65
42
69
50
95
43
57
46
48
2
9
55
71
7
4
76
76
83
61
1
29
31
38
17
79
87
47
21
18
20
46
15
12
12
32
79
98
39
20
24
94
47
24
60
92
15
7
75
8
61
2
44
8
83
68
34
4
52
71
9
96
36
29
29
55
93
43
60
75
25
77
38
64
38
6
82
8
77
25
64
81
71
14
56
19
2
8
29
43
98
75
46
67
12
27
58
19
95
6
98
71
46
1
83
84
64
80
70
77
86
26
27
28
8
27
26
23
72
11
54
86
15
17
77
49
31
70
52
11
47
64
13
72
26
92
35
70
30
72
55
22
37
51
57
72
49
19
59
85
1
36
46
85
52
13
57
30
24
35
53
93
29
59
31
22
13
54
3
15
91
56
92
1
56
32
50
63
59
5
99
13
12
67
11
12
19
28
21
14
36
6
47
95
19
62
93
77
21
35
59
95
17
44
93
45
43
45
30
20
62
93
71
19
35
41
81
62
49
19
4
85
34
89
79
86
10
96
82
94
39
73
42
24
46
5
96
67
73
66
68
73
98
1
51
42
35
28
60
77
80
31
28
3
32
73
61
27
65
8
35
46
62
36
80
89
52
47
73
31
45
15
89
83
50
31
87
33
38
37
51
81
36
5
14
8
45
40
92
72
43
69
2
65
31
22
11
63
21
61
90
87
55
30
33
65
42
45
52
1
86
29
88
28
57
54
11
58
22
72
44
12
55
2
87
76
13
24
53
28
20
25
13
77
47
63
26
7
72
49
65
1
87
91
85
15
80
74
9
76
12
53
42
48
18
78
33
54
42
56
52
19
92
24
81
62
16
12
81
93
28
4
85
72
8
44
24
63
16
73
96
39
16
76
17
66
82
64
59
68
31
72
65
17
96
47
9
64
10
23
98
68
92
15
49
9
68
69
40
73
55
69
39
68
60
13
3
17
8
15
79
51
52
14
63
56
39
69
76
60
36
60
54
92
75
28
46
