8
6
51
59
7
50
44
71
44
34
24
29
20
40
27
92
83
56
1
34
92
48
62
86
91
44
54
70
56
14
45
96
69
59
37
98
16
89
24
83
76
89
82
72
18
56
27
84
85
57
84
88
35
78
80
59
44
65
67
62
95
74
15
30
88
27
60
60
4
29
77
94
33
17
58
3
66
89
68
36
18
70
85
98
30
56
62
91
79
78
54
50
22
61
88
3
74
52
83
91
96
67
80
56
80
90
56
18
20
78
92
54
97
31
45
26
89
16
1
33
64
69
81
25
75
27
72
71
29
56
28
14
7
77
40
50
90
29
19
39
1
44
71
1
85
99
52
90
16
62
13
58
52
51
27
27
85
55
80
53
18
84
89
64
50
79
48
21
91
95
36
60
97
61
32
20
97
80
40
76
74
82
56
66
43
70
62
56
50
13
64
35
48
66
22
17
54
7
51
7
52
32
99
21
27
53
61
90
20
7
29
6
16
5
78
36
28
24
22
80
17
92
70
78
31
1
12
31
40
15
66
91
29
34
24
43
82
35
39
89
9
71
37
43
83
59
19
43
88
85
88
31
84
71
89
59
61
21
90
26
41
31
51
5
41
38
76
81
81
36
53
93
84
33
71
46
56
28
94
71
81
68
43
54
26
35
8
57
44
64
81
62
45
13
48
78
20
32
2
46
82
37
62
52
33
95
46
52
99
44
4
34
27
19
44
73
87
97
78
7
31
19
38
17
54
91
48
72
84
93
26
24
26
49
89
45
6
90
21
31
88
55
57
1
61
48
36
26
68
75
90
22
54
95
16
63
99
46
98
41
47
74
67
7
18
80
9
77
30
99
67
96
77
48
18
75
61
37
55
7
56
23
4
9
3
4
70
30
33
26
45
60
92
79
83
15
88
51
82
80
40
58
96
68
9
94
45
6
77
41
2
62
90
92
85
25
70
59
5
14
10
78
44
4
55
7
5
97
64
4
86
11
54
75
67
98
26
35
1
9
59
64
53
92
24
82
69
1
94
58
44
30
47
68
70
62
14
92
14
2
89
47
41
74
54
90
9
16
25
87
98
36
58
95
55
46
26
52
79
73
38
4
4
7
60
57
64
86
5
6
84
34
22
98
19
12
23
78
39
33
74
53
75
7
60
9
71
51
14
25
37
61
13
41
64
85
44
35
14
96
27
22
12
20
3
65
14
60
77
44
23
47
14
47
98
84
29
96
47
52
86
14
73
79
69
24
21
81
35
33
67
88
65
42
7
52
42
55
5
94
94
11
74
69
3
89
48
66
42
79
57
47
88
62
10
14
49
33
51
79
44
32
25
44
76
34
81
72
40
47
43
73
92
52
57
75
39
4
76
79
75
55
40
56
76
21
99
4
32
93
3
10
5
26
50
62
86
30
93
68
9
76
26
95
37
83
55
37
5
34
74
46
56
72
4
89
92
69
68
56
35
78
40
47
44
33
69
66
2
94
89
10
10
9
71
99
29
45
19
92
65
63
98
98
19
56
53
33
23
61
70
17
62
38
34
30
36
79
51
4
15
88
35
10
44
65
37
48
2
4
61
48
50
75
90
71
79
42
28
87
80
36
44
41
25
73
47
71
74
41
63
49
93
16
77
77
29
89
54
54
20
6
32
19
99
23
66
86
48
63
50
94
51
64
24
78
44
93
85
71
18
65
73
60
40
12
54
35
98
14
43
90
87
74
67
74
5
25
41
3
8
61
24
12
91
68
98
30
92
98
33
35
5
83
37
55
33
71
79
88
68
32
88
35
21
60
8
76
96
49
74
19
52
82
63
56
41
62
69
71
14
25
42
99
80
8
86
5
37
13
42
33
46
53
35
75
72
89
91
32
61
22
34
43
25
14
82
22
20
80
14
70
3
8
74
43
89
89
54
13
73
3
40
83
8
41
73
99
48
87
84
52
70
37
10
91
91
98
74
66
25
65
85
57
99
71
31
39
78
91
86
83
35
78
58
59
82
50
36
84
41
83
73
32
96
61
1
65
98
83
52
91
15
87
88
9
18
82
84
36
10
35
21
57
2
1
18
91
79
51
10
42
63
89
26
42
91
53
60
38
71
65
41
95
39
95
68
47
90
49
42
99
65
99
74
7
62
17
30
96
44
9
86
47
73
11
28
26
62
47
18
64
23
47
65
45
93
26
18
7
33
70
2
30
9
10
76
63
15
20
79
75
24
64
94
62
78
93
22
29
67
43
85
44
32
78
77
18
34
30
13
36
98
24
63
73
8
57
39
63